 [      0.000193,
        0.000247,
        0.000201,
        -0.000016,
        -0.000470,
        -0.001206,
        -0.002230,
        -0.003487,
        -0.004850,
        -0.006110,
        -0.006987,
        -0.007146,
        -0.006229,
        -0.003897,
        0.000123,
        0.005987,
        0.013702,
        0.023088,
        0.033781,
        0.045242,
        0.056795,
        0.067684,
        0.077143,
        0.084473,
        0.089114,
        0.090703,
        0.089114,
        0.084473,
        0.077143,
        0.067684,
        0.056795,
        0.045242,
        0.033781,
        0.023088,
        0.013702,
        0.005987,
        0.000123,
        -0.003897,
        -0.006229,
        -0.007146,
        -0.006987,
        -0.006110,
        -0.004850,
        -0.003487,
        -0.002230,
        -0.001206,
        -0.000470,
        -0.000016,
        0.000201,
        0.000247,
        0.000193
],

 [      -0.000157,
        -0.000214,
        -0.000232,
        -0.000186,
        -0.000043,
        0.000230,
        0.000667,
        0.001302,
        0.002164,
        0.003276,
        0.004653,
        0.006301,
        0.008211,
        0.010362,
        0.012719,
        0.015235,
        0.017849,
        0.020492,
        0.023087,
        0.025552,
        0.027806,
        0.029773,
        0.031383,
        0.032577,
        0.033312,
        0.033560,
        0.033312,
        0.032577,
        0.031383,
        0.029773,
        0.027806,
        0.025552,
        0.023087,
        0.020492,
        0.017849,
        0.015235,
        0.012719,
        0.010362,
        0.008211,
        0.006301,
        0.004653,
        0.003276,
        0.002164,
        0.001302,
        0.000667,
        0.000230,
        -0.000043,
        -0.000186,
        -0.000232,
        -0.000214,
        -0.000157
]
